
 433 208 12 885 3 759 669 803 889 994 87 244 849 141 759 549 466 357 241 560 233 168 755 583 381 375 234 146 227 485
 398 406 489 169 843 892 543 848 624 814 606 197 102 641 88 665 604 246 209 813 614 561 679 715 740 79 272 759 382 673
 891 773 920 613 417 677 630 988 120 763 333 557 952 673 39 406 659 682 94 4 516 962 660 924 996 340 765 718 390 69
 864 139 913 944 150 714 655 478 981 800 599 510 644 588 424 125 253 887 604 645 465 788 966 385 190 893 19 122 203 433
 917 681 102 164 624 800 452 992 884 463 147 96 375 212 413 489 288 153 329 385 345 963 745 238 653 722 28 223 7 497
 789 647 952 872 792 306 31 874 944 845 641 316 451 830 220 531 507 797 858 666 385 278 227 521 512 292 159 849 668 614
 63 355 626 484 51 907 502 919 602 689 22 252 178 261 244 281 206 364 345 904 488 746 493 780 582 617 152 544 105 548
 223 531 881 270 929 532 779 668 965 52 74 555 523 133 907 476 504 429 579 661 27 297 153 185 631 447 703 784 221 231
 696 435 358 681 436 890 668 362 12 877 955 497 354 523 795 160 52 380 274 695 491 651 608 303 4 984 425 1 24 575
 809 321 906 928 641 535 207 427 899 524 538 490 757 119 717 613 670 84 317 89 668 506 790 385 118 258 209 878 609 18
 882 636 881 252 412 433 9 108 925 685 996 408 241 222 935 874 875 802 66 824 114 911 982 643 638 599 990 25 516 522
 304 581 690 21 694 718 715 866 98 633 760 587 117 781 423 140 307 858 892 69 500 549 644 314 335 363 894 243 813 803
 740 328 523 607 967 317 385 237 496 73 801 279 80 393 925 469 202 969 967 458 275 664 347 870 31 469 22 645 768 383
 689 629 934 524 743 296 587 587 369 90 899 67 801 363 909 303 92 715 972 671 967 787 673 516 53 309 546 174 344 390
 608 181 694 855 870 892 569 787 879 158 516 205 713 901 496 78 889 956 286 593 191 398 267 204 267 363 556 878 569 752
 534 45 904 482 90 878 994 920 568 508 304 802 140 982 998 988 117 97 830 907 843 538 916 327 121 372 610 326 569 316
 329 844 129 698 779 950 220 937 224 740 747 331 849 460 934 366 868 495 871 204 571 661 793 788 282 568 81 460 775 131
 553 320 181 708 291 779 667 80 652 364 317 814 361 55 613 342 412 238 846 527 853 71 733 521 158 87 601 431 510 916
 454 236 397 34 807 156 365 969 621 394 87 942 780 383 115 50 220 394 457 911 116 716 806 649 231 941 82 126 337 587
 838 636 439 379 515 81 431 156 403 916 522 475 849 914 282 321 611 218 416 570 711 937 385 543 198 109 4 155 94 44
 731 537 10 841 225 733 204 318 600 747 195 70 73 280 760 276 838 205 825 236 199 311 715 274 515 932 891 218 627 93
 898 806 237 886 892 945 507 454 669 837 896 998 485 852 911 874 214 393 448 281 859 73 637 658 454 506 928 883 191 218
 985 371 430 190 64 327 397 615 711 324 327 279 757 968 191 752 549 324 531 377 428 655 657 421 974 420 105 627 619 488
 262 379 877 173 100 160 918 116 328 226 760 944 36 553 10 418 533 999 740 789 943 973 485 31 495 78 838 905 776 29
 467 855 779 116 629 654 18 9 791 208 661 891 890 697 293 164 865 330 236 649 747 835 876 445 391 398 305 495 738 701
 872 206 646 187 155 58 984 397 991 901 289 668 216 270 32 143 124 8 174 292 641 256 161 250 399 637 428 537 102 617
 602 306 564 897 284 880 251 744 445 932 394 731 657 49 612 989 266 513 655 32 615 908 624 45 377 161 396 77 112 138
 488 650 689 671 560 200 559 213 697 94 342 505 244 931 848 58 257 699 637 387 494 591 455 693 954 837 530 844 808 363
 825 893 335 473 301 143 516 113 73 506 414 375 470 279 632 192 381 958 216 60 675 713 853 426 668 58 523 10 24 363
 286 515 854 778 477 337 500 745 955 265 624 410 1 354 931 323 25 36 508 886 883 875 528 183 708 311 623 89 71 931
 126 159 6 595 307 56 818 64 851 155 12 850 895 962 195 556 617 127 644 248 945 132 97 768 786 608 607 863 550 445
 894 497 502 125 647 238 142 296 665 791 470 941 248 927 652 502 206 306 160 155 763 455 182 164 233 682 592 486 769 170
 834 851 443 313 273 602 759 634 362 485 281 267 858 613 552 928 253 177 984 904 668 935 667 982 596 35 220 748 850 572
 643 515 315 623 828 819 133 37 740 96 731 115 318 70 894 643 426 630 335 25 873 119 831 692 200 528 109 159 827 508
 815 590 693 658 777 454 693 579 274 653 398 476 395 728 948 772 316 522 250 174 622 995 365 976 274 594 296 61 461 628
 127 806 883 415 695 360 161 555 153 185 452 160 266 149 429 41 981 375 164 416 18 292 343 357 37 857 840 630 331 444
 467 905 201 585 211 576 65 614 76 363 25 342 756 700 120 908 41 526 395 98 696 631 837 381 630 97 638 489 747 257
 719 575 614 161 434 725 660 279 811 266 855 122 899 637 410 729 896 921 96 647 770 700 170 575 790 48 28 680 916 42
 27 800 889 859 393 154 118 977 155 831 444 302 706 942 613 376 906 41 94 340 247 415 911 905 143 112 108 347 67 11
 157 782 354 270 565 530 295 190 821 739 105 246 238 128 377 905 765 573 614 742 657 586 890 626 468 904 245 853 938 342
 917 373 638 597 858 558 198 68 905 896 370 524 530 864 892 912 20 495 395 791 781 832 505 248 156 418 710 250 90 239
 564 951 805 311 429 184 696 268 822 792 290 177 139 569 691 35 904 422 336 251 508 102 154 799 486 646 206 352 1 667
 33 266 606 85 773 501 734 506 365 67 299 208 189 404 39 290 997 595 180 219 620 150 899 165 231 181 55 329 928 414
 135 676 571 603 569 8 275 666 855 430 263 553 407 238 218 618 756 327 640 302 445 22 785 998 418 124 294 662 226 274
 921 745 71 884 993 74 119 657 767 778 232 602 289 230 154 189 533 850 908 955 133 653 320 399 79 9 770 106 4 954
 329 788 1 822 93 62 122 448 961 618 20 692 784 633 342 314 524 483 328 911 919 610 711 93 937 923 440 728 419 16
 579 509 446 569 879 566 79 130 594 804 376 184 251 141 339 830 953 158 810 174 114 567 33 344 71 958 868 306 158 648
 162 32 372 508 466 431 567 224 397 136 599 564 142 120 100 338 373 132 79 257 721 595 703 715 991 5 142 135 485 629
 35 631 670 836 106 273 490 514 721 552 155 928 911 856 567 342 97 22 869 547 756 969 267 787 643 244 497 812 746 817
 173 170 247 608 321 92 929 936 920 261 44 26 419 290 364 870 757 31 597 980 407 128 934 27 555 782 339 463 242 465